{
 "cells": [
  {
   "cell_type": "code",
   "execution_count": 1,
   "id": "eeb4b475-61f9-433e-badc-1539283942d9",
   "metadata": {},
   "outputs": [],
   "source": [
    "import pandas as pd"
   ]
  },
  {
   "cell_type": "code",
   "execution_count": 3,
   "id": "3d968e4c-51cc-4bd1-86c6-720383a0011d",
   "metadata": {},
   "outputs": [
    {
     "name": "stdout",
     "output_type": "stream",
     "text": [
      "    htno     name  telugu  english  hindi  maths  science  social\n",
      "0    100   Ramesh      50       60     66     98       66      55\n",
      "1    101   Rajesh      45       67     34     67       66      78\n",
      "2    102   Rossum      56       88     56     99       44      77\n",
      "3    103     Raji      56       78     34     56       88      55\n",
      "4    104   Kalyan      51       63     62     93       67      51\n",
      "5    105  Karthik      48       62     39     68       65      88\n",
      "6    106   Kambli      53       81     59     92       48      73\n",
      "7    107  Praveen      46       88     74     86       78      45\n",
      "8    108   Ganesh      53       62     76     88       76      35\n",
      "9    109     Nags      55       77     44     77       86      58\n",
      "10   110    Biswa      66       48     86     95       48      47\n",
      "11   111   Ritchi      66       68     64     76       98      75\n",
      "12   104   Kalyan      51       63     62     93       67      51\n",
      "13   112  shareef      50       63     99     90       76      67\n",
      "14   113     sonu      60       89     98     87       77      68\n",
      "15   114   Rajesh      45       67     77     55       66      46\n",
      "16   115   Rakesh      67       78     88     78       67      49\n"
     ]
    }
   ],
   "source": [
    "# Get Student Data set into DataFrame\n",
    "df=pd.read_csv(\"D:\\\\Akash\\\\Python\\\\KVR-PYTHON-PART-1\\\\PANDAS\\\\NOTES\\\\Student.csv\")\n",
    "print(df)"
   ]
  },
  {
   "cell_type": "code",
   "execution_count": 7,
   "id": "76f4f5f3-a96e-453f-b2c5-949980b3b2c0",
   "metadata": {},
   "outputs": [
    {
     "data": {
      "text/html": [
       "<div>\n",
       "<style scoped>\n",
       "    .dataframe tbody tr th:only-of-type {\n",
       "        vertical-align: middle;\n",
       "    }\n",
       "\n",
       "    .dataframe tbody tr th {\n",
       "        vertical-align: top;\n",
       "    }\n",
       "\n",
       "    .dataframe thead th {\n",
       "        text-align: right;\n",
       "    }\n",
       "</style>\n",
       "<table border=\"1\" class=\"dataframe\">\n",
       "  <thead>\n",
       "    <tr style=\"text-align: right;\">\n",
       "      <th></th>\n",
       "      <th>htno</th>\n",
       "      <th>name</th>\n",
       "      <th>telugu</th>\n",
       "      <th>english</th>\n",
       "      <th>hindi</th>\n",
       "      <th>maths</th>\n",
       "      <th>science</th>\n",
       "      <th>social</th>\n",
       "    </tr>\n",
       "  </thead>\n",
       "  <tbody>\n",
       "    <tr>\n",
       "      <th>10</th>\n",
       "      <td>110</td>\n",
       "      <td>Biswa</td>\n",
       "      <td>66</td>\n",
       "      <td>48</td>\n",
       "      <td>86</td>\n",
       "      <td>95</td>\n",
       "      <td>48</td>\n",
       "      <td>47</td>\n",
       "    </tr>\n",
       "    <tr>\n",
       "      <th>8</th>\n",
       "      <td>108</td>\n",
       "      <td>Ganesh</td>\n",
       "      <td>53</td>\n",
       "      <td>62</td>\n",
       "      <td>76</td>\n",
       "      <td>88</td>\n",
       "      <td>76</td>\n",
       "      <td>35</td>\n",
       "    </tr>\n",
       "    <tr>\n",
       "      <th>12</th>\n",
       "      <td>104</td>\n",
       "      <td>Kalyan</td>\n",
       "      <td>51</td>\n",
       "      <td>63</td>\n",
       "      <td>62</td>\n",
       "      <td>93</td>\n",
       "      <td>67</td>\n",
       "      <td>51</td>\n",
       "    </tr>\n",
       "    <tr>\n",
       "      <th>4</th>\n",
       "      <td>104</td>\n",
       "      <td>Kalyan</td>\n",
       "      <td>51</td>\n",
       "      <td>63</td>\n",
       "      <td>62</td>\n",
       "      <td>93</td>\n",
       "      <td>67</td>\n",
       "      <td>51</td>\n",
       "    </tr>\n",
       "    <tr>\n",
       "      <th>6</th>\n",
       "      <td>106</td>\n",
       "      <td>Kambli</td>\n",
       "      <td>53</td>\n",
       "      <td>81</td>\n",
       "      <td>59</td>\n",
       "      <td>92</td>\n",
       "      <td>48</td>\n",
       "      <td>73</td>\n",
       "    </tr>\n",
       "    <tr>\n",
       "      <th>5</th>\n",
       "      <td>105</td>\n",
       "      <td>Karthik</td>\n",
       "      <td>48</td>\n",
       "      <td>62</td>\n",
       "      <td>39</td>\n",
       "      <td>68</td>\n",
       "      <td>65</td>\n",
       "      <td>88</td>\n",
       "    </tr>\n",
       "    <tr>\n",
       "      <th>9</th>\n",
       "      <td>109</td>\n",
       "      <td>Nags</td>\n",
       "      <td>55</td>\n",
       "      <td>77</td>\n",
       "      <td>44</td>\n",
       "      <td>77</td>\n",
       "      <td>86</td>\n",
       "      <td>58</td>\n",
       "    </tr>\n",
       "    <tr>\n",
       "      <th>7</th>\n",
       "      <td>107</td>\n",
       "      <td>Praveen</td>\n",
       "      <td>46</td>\n",
       "      <td>88</td>\n",
       "      <td>74</td>\n",
       "      <td>86</td>\n",
       "      <td>78</td>\n",
       "      <td>45</td>\n",
       "    </tr>\n",
       "    <tr>\n",
       "      <th>1</th>\n",
       "      <td>101</td>\n",
       "      <td>Rajesh</td>\n",
       "      <td>45</td>\n",
       "      <td>67</td>\n",
       "      <td>34</td>\n",
       "      <td>67</td>\n",
       "      <td>66</td>\n",
       "      <td>78</td>\n",
       "    </tr>\n",
       "    <tr>\n",
       "      <th>15</th>\n",
       "      <td>114</td>\n",
       "      <td>Rajesh</td>\n",
       "      <td>45</td>\n",
       "      <td>67</td>\n",
       "      <td>77</td>\n",
       "      <td>55</td>\n",
       "      <td>66</td>\n",
       "      <td>46</td>\n",
       "    </tr>\n",
       "    <tr>\n",
       "      <th>3</th>\n",
       "      <td>103</td>\n",
       "      <td>Raji</td>\n",
       "      <td>56</td>\n",
       "      <td>78</td>\n",
       "      <td>34</td>\n",
       "      <td>56</td>\n",
       "      <td>88</td>\n",
       "      <td>55</td>\n",
       "    </tr>\n",
       "    <tr>\n",
       "      <th>16</th>\n",
       "      <td>115</td>\n",
       "      <td>Rakesh</td>\n",
       "      <td>67</td>\n",
       "      <td>78</td>\n",
       "      <td>88</td>\n",
       "      <td>78</td>\n",
       "      <td>67</td>\n",
       "      <td>49</td>\n",
       "    </tr>\n",
       "    <tr>\n",
       "      <th>0</th>\n",
       "      <td>100</td>\n",
       "      <td>Ramesh</td>\n",
       "      <td>50</td>\n",
       "      <td>60</td>\n",
       "      <td>66</td>\n",
       "      <td>98</td>\n",
       "      <td>66</td>\n",
       "      <td>55</td>\n",
       "    </tr>\n",
       "    <tr>\n",
       "      <th>11</th>\n",
       "      <td>111</td>\n",
       "      <td>Ritchi</td>\n",
       "      <td>66</td>\n",
       "      <td>68</td>\n",
       "      <td>64</td>\n",
       "      <td>76</td>\n",
       "      <td>98</td>\n",
       "      <td>75</td>\n",
       "    </tr>\n",
       "    <tr>\n",
       "      <th>2</th>\n",
       "      <td>102</td>\n",
       "      <td>Rossum</td>\n",
       "      <td>56</td>\n",
       "      <td>88</td>\n",
       "      <td>56</td>\n",
       "      <td>99</td>\n",
       "      <td>44</td>\n",
       "      <td>77</td>\n",
       "    </tr>\n",
       "    <tr>\n",
       "      <th>13</th>\n",
       "      <td>112</td>\n",
       "      <td>shareef</td>\n",
       "      <td>50</td>\n",
       "      <td>63</td>\n",
       "      <td>99</td>\n",
       "      <td>90</td>\n",
       "      <td>76</td>\n",
       "      <td>67</td>\n",
       "    </tr>\n",
       "    <tr>\n",
       "      <th>14</th>\n",
       "      <td>113</td>\n",
       "      <td>sonu</td>\n",
       "      <td>60</td>\n",
       "      <td>89</td>\n",
       "      <td>98</td>\n",
       "      <td>87</td>\n",
       "      <td>77</td>\n",
       "      <td>68</td>\n",
       "    </tr>\n",
       "  </tbody>\n",
       "</table>\n",
       "</div>"
      ],
      "text/plain": [
       "    htno     name  telugu  english  hindi  maths  science  social\n",
       "10   110    Biswa      66       48     86     95       48      47\n",
       "8    108   Ganesh      53       62     76     88       76      35\n",
       "12   104   Kalyan      51       63     62     93       67      51\n",
       "4    104   Kalyan      51       63     62     93       67      51\n",
       "6    106   Kambli      53       81     59     92       48      73\n",
       "5    105  Karthik      48       62     39     68       65      88\n",
       "9    109     Nags      55       77     44     77       86      58\n",
       "7    107  Praveen      46       88     74     86       78      45\n",
       "1    101   Rajesh      45       67     34     67       66      78\n",
       "15   114   Rajesh      45       67     77     55       66      46\n",
       "3    103     Raji      56       78     34     56       88      55\n",
       "16   115   Rakesh      67       78     88     78       67      49\n",
       "0    100   Ramesh      50       60     66     98       66      55\n",
       "11   111   Ritchi      66       68     64     76       98      75\n",
       "2    102   Rossum      56       88     56     99       44      77\n",
       "13   112  shareef      50       63     99     90       76      67\n",
       "14   113     sonu      60       89     98     87       77      68"
      ]
     },
     "execution_count": 7,
     "metadata": {},
     "output_type": "execute_result"
    }
   ],
   "source": [
    "# Sort The Name of Student in Assending order\n",
    "df.sort_values([\"name\"])"
   ]
  },
  {
   "cell_type": "code",
   "execution_count": 6,
   "id": "644caa59-8138-47ae-9340-44a754801de4",
   "metadata": {},
   "outputs": [
    {
     "name": "stdout",
     "output_type": "stream",
     "text": [
      "    htno     name  telugu  english  hindi  maths  science  social\n",
      "0    100   Ramesh      50       60     66     98       66      55\n",
      "1    101   Rajesh      45       67     34     67       66      78\n",
      "2    102   Rossum      56       88     56     99       44      77\n",
      "3    103     Raji      56       78     34     56       88      55\n",
      "4    104   Kalyan      51       63     62     93       67      51\n",
      "5    105  Karthik      48       62     39     68       65      88\n",
      "6    106   Kambli      53       81     59     92       48      73\n",
      "7    107  Praveen      46       88     74     86       78      45\n",
      "8    108   Ganesh      53       62     76     88       76      35\n",
      "9    109     Nags      55       77     44     77       86      58\n",
      "10   110    Biswa      66       48     86     95       48      47\n",
      "11   111   Ritchi      66       68     64     76       98      75\n",
      "12   104   Kalyan      51       63     62     93       67      51\n",
      "13   112  shareef      50       63     99     90       76      67\n",
      "14   113     sonu      60       89     98     87       77      68\n",
      "15   114   Rajesh      45       67     77     55       66      46\n",
      "16   115   Rakesh      67       78     88     78       67      49\n"
     ]
    }
   ],
   "source": [
    "print(df)"
   ]
  },
  {
   "cell_type": "code",
   "execution_count": 8,
   "id": "0357bd77-0cb7-4f5d-89e0-362678e0bb06",
   "metadata": {},
   "outputs": [
    {
     "data": {
      "text/html": [
       "<div>\n",
       "<style scoped>\n",
       "    .dataframe tbody tr th:only-of-type {\n",
       "        vertical-align: middle;\n",
       "    }\n",
       "\n",
       "    .dataframe tbody tr th {\n",
       "        vertical-align: top;\n",
       "    }\n",
       "\n",
       "    .dataframe thead th {\n",
       "        text-align: right;\n",
       "    }\n",
       "</style>\n",
       "<table border=\"1\" class=\"dataframe\">\n",
       "  <thead>\n",
       "    <tr style=\"text-align: right;\">\n",
       "      <th></th>\n",
       "      <th>htno</th>\n",
       "      <th>name</th>\n",
       "      <th>telugu</th>\n",
       "      <th>english</th>\n",
       "      <th>hindi</th>\n",
       "      <th>maths</th>\n",
       "      <th>science</th>\n",
       "      <th>social</th>\n",
       "    </tr>\n",
       "  </thead>\n",
       "  <tbody>\n",
       "    <tr>\n",
       "      <th>14</th>\n",
       "      <td>113</td>\n",
       "      <td>sonu</td>\n",
       "      <td>60</td>\n",
       "      <td>89</td>\n",
       "      <td>98</td>\n",
       "      <td>87</td>\n",
       "      <td>77</td>\n",
       "      <td>68</td>\n",
       "    </tr>\n",
       "    <tr>\n",
       "      <th>13</th>\n",
       "      <td>112</td>\n",
       "      <td>shareef</td>\n",
       "      <td>50</td>\n",
       "      <td>63</td>\n",
       "      <td>99</td>\n",
       "      <td>90</td>\n",
       "      <td>76</td>\n",
       "      <td>67</td>\n",
       "    </tr>\n",
       "    <tr>\n",
       "      <th>2</th>\n",
       "      <td>102</td>\n",
       "      <td>Rossum</td>\n",
       "      <td>56</td>\n",
       "      <td>88</td>\n",
       "      <td>56</td>\n",
       "      <td>99</td>\n",
       "      <td>44</td>\n",
       "      <td>77</td>\n",
       "    </tr>\n",
       "    <tr>\n",
       "      <th>11</th>\n",
       "      <td>111</td>\n",
       "      <td>Ritchi</td>\n",
       "      <td>66</td>\n",
       "      <td>68</td>\n",
       "      <td>64</td>\n",
       "      <td>76</td>\n",
       "      <td>98</td>\n",
       "      <td>75</td>\n",
       "    </tr>\n",
       "    <tr>\n",
       "      <th>0</th>\n",
       "      <td>100</td>\n",
       "      <td>Ramesh</td>\n",
       "      <td>50</td>\n",
       "      <td>60</td>\n",
       "      <td>66</td>\n",
       "      <td>98</td>\n",
       "      <td>66</td>\n",
       "      <td>55</td>\n",
       "    </tr>\n",
       "    <tr>\n",
       "      <th>16</th>\n",
       "      <td>115</td>\n",
       "      <td>Rakesh</td>\n",
       "      <td>67</td>\n",
       "      <td>78</td>\n",
       "      <td>88</td>\n",
       "      <td>78</td>\n",
       "      <td>67</td>\n",
       "      <td>49</td>\n",
       "    </tr>\n",
       "    <tr>\n",
       "      <th>3</th>\n",
       "      <td>103</td>\n",
       "      <td>Raji</td>\n",
       "      <td>56</td>\n",
       "      <td>78</td>\n",
       "      <td>34</td>\n",
       "      <td>56</td>\n",
       "      <td>88</td>\n",
       "      <td>55</td>\n",
       "    </tr>\n",
       "    <tr>\n",
       "      <th>15</th>\n",
       "      <td>114</td>\n",
       "      <td>Rajesh</td>\n",
       "      <td>45</td>\n",
       "      <td>67</td>\n",
       "      <td>77</td>\n",
       "      <td>55</td>\n",
       "      <td>66</td>\n",
       "      <td>46</td>\n",
       "    </tr>\n",
       "    <tr>\n",
       "      <th>1</th>\n",
       "      <td>101</td>\n",
       "      <td>Rajesh</td>\n",
       "      <td>45</td>\n",
       "      <td>67</td>\n",
       "      <td>34</td>\n",
       "      <td>67</td>\n",
       "      <td>66</td>\n",
       "      <td>78</td>\n",
       "    </tr>\n",
       "    <tr>\n",
       "      <th>7</th>\n",
       "      <td>107</td>\n",
       "      <td>Praveen</td>\n",
       "      <td>46</td>\n",
       "      <td>88</td>\n",
       "      <td>74</td>\n",
       "      <td>86</td>\n",
       "      <td>78</td>\n",
       "      <td>45</td>\n",
       "    </tr>\n",
       "    <tr>\n",
       "      <th>9</th>\n",
       "      <td>109</td>\n",
       "      <td>Nags</td>\n",
       "      <td>55</td>\n",
       "      <td>77</td>\n",
       "      <td>44</td>\n",
       "      <td>77</td>\n",
       "      <td>86</td>\n",
       "      <td>58</td>\n",
       "    </tr>\n",
       "    <tr>\n",
       "      <th>5</th>\n",
       "      <td>105</td>\n",
       "      <td>Karthik</td>\n",
       "      <td>48</td>\n",
       "      <td>62</td>\n",
       "      <td>39</td>\n",
       "      <td>68</td>\n",
       "      <td>65</td>\n",
       "      <td>88</td>\n",
       "    </tr>\n",
       "    <tr>\n",
       "      <th>6</th>\n",
       "      <td>106</td>\n",
       "      <td>Kambli</td>\n",
       "      <td>53</td>\n",
       "      <td>81</td>\n",
       "      <td>59</td>\n",
       "      <td>92</td>\n",
       "      <td>48</td>\n",
       "      <td>73</td>\n",
       "    </tr>\n",
       "    <tr>\n",
       "      <th>4</th>\n",
       "      <td>104</td>\n",
       "      <td>Kalyan</td>\n",
       "      <td>51</td>\n",
       "      <td>63</td>\n",
       "      <td>62</td>\n",
       "      <td>93</td>\n",
       "      <td>67</td>\n",
       "      <td>51</td>\n",
       "    </tr>\n",
       "    <tr>\n",
       "      <th>12</th>\n",
       "      <td>104</td>\n",
       "      <td>Kalyan</td>\n",
       "      <td>51</td>\n",
       "      <td>63</td>\n",
       "      <td>62</td>\n",
       "      <td>93</td>\n",
       "      <td>67</td>\n",
       "      <td>51</td>\n",
       "    </tr>\n",
       "    <tr>\n",
       "      <th>8</th>\n",
       "      <td>108</td>\n",
       "      <td>Ganesh</td>\n",
       "      <td>53</td>\n",
       "      <td>62</td>\n",
       "      <td>76</td>\n",
       "      <td>88</td>\n",
       "      <td>76</td>\n",
       "      <td>35</td>\n",
       "    </tr>\n",
       "    <tr>\n",
       "      <th>10</th>\n",
       "      <td>110</td>\n",
       "      <td>Biswa</td>\n",
       "      <td>66</td>\n",
       "      <td>48</td>\n",
       "      <td>86</td>\n",
       "      <td>95</td>\n",
       "      <td>48</td>\n",
       "      <td>47</td>\n",
       "    </tr>\n",
       "  </tbody>\n",
       "</table>\n",
       "</div>"
      ],
      "text/plain": [
       "    htno     name  telugu  english  hindi  maths  science  social\n",
       "14   113     sonu      60       89     98     87       77      68\n",
       "13   112  shareef      50       63     99     90       76      67\n",
       "2    102   Rossum      56       88     56     99       44      77\n",
       "11   111   Ritchi      66       68     64     76       98      75\n",
       "0    100   Ramesh      50       60     66     98       66      55\n",
       "16   115   Rakesh      67       78     88     78       67      49\n",
       "3    103     Raji      56       78     34     56       88      55\n",
       "15   114   Rajesh      45       67     77     55       66      46\n",
       "1    101   Rajesh      45       67     34     67       66      78\n",
       "7    107  Praveen      46       88     74     86       78      45\n",
       "9    109     Nags      55       77     44     77       86      58\n",
       "5    105  Karthik      48       62     39     68       65      88\n",
       "6    106   Kambli      53       81     59     92       48      73\n",
       "4    104   Kalyan      51       63     62     93       67      51\n",
       "12   104   Kalyan      51       63     62     93       67      51\n",
       "8    108   Ganesh      53       62     76     88       76      35\n",
       "10   110    Biswa      66       48     86     95       48      47"
      ]
     },
     "execution_count": 8,
     "metadata": {},
     "output_type": "execute_result"
    }
   ],
   "source": [
    "# Sort The Name of Student in Assending order\n",
    "df.sort_values([\"name\"])[::-1]"
   ]
  },
  {
   "cell_type": "code",
   "execution_count": 10,
   "id": "271d5204-5ec8-4ea3-bab2-2956d403985b",
   "metadata": {},
   "outputs": [
    {
     "data": {
      "text/html": [
       "<div>\n",
       "<style scoped>\n",
       "    .dataframe tbody tr th:only-of-type {\n",
       "        vertical-align: middle;\n",
       "    }\n",
       "\n",
       "    .dataframe tbody tr th {\n",
       "        vertical-align: top;\n",
       "    }\n",
       "\n",
       "    .dataframe thead th {\n",
       "        text-align: right;\n",
       "    }\n",
       "</style>\n",
       "<table border=\"1\" class=\"dataframe\">\n",
       "  <thead>\n",
       "    <tr style=\"text-align: right;\">\n",
       "      <th></th>\n",
       "      <th>htno</th>\n",
       "      <th>name</th>\n",
       "      <th>telugu</th>\n",
       "      <th>english</th>\n",
       "      <th>hindi</th>\n",
       "      <th>maths</th>\n",
       "      <th>science</th>\n",
       "      <th>social</th>\n",
       "    </tr>\n",
       "  </thead>\n",
       "  <tbody>\n",
       "    <tr>\n",
       "      <th>14</th>\n",
       "      <td>113</td>\n",
       "      <td>sonu</td>\n",
       "      <td>60</td>\n",
       "      <td>89</td>\n",
       "      <td>98</td>\n",
       "      <td>87</td>\n",
       "      <td>77</td>\n",
       "      <td>68</td>\n",
       "    </tr>\n",
       "    <tr>\n",
       "      <th>13</th>\n",
       "      <td>112</td>\n",
       "      <td>shareef</td>\n",
       "      <td>50</td>\n",
       "      <td>63</td>\n",
       "      <td>99</td>\n",
       "      <td>90</td>\n",
       "      <td>76</td>\n",
       "      <td>67</td>\n",
       "    </tr>\n",
       "    <tr>\n",
       "      <th>2</th>\n",
       "      <td>102</td>\n",
       "      <td>Rossum</td>\n",
       "      <td>56</td>\n",
       "      <td>88</td>\n",
       "      <td>56</td>\n",
       "      <td>99</td>\n",
       "      <td>44</td>\n",
       "      <td>77</td>\n",
       "    </tr>\n",
       "    <tr>\n",
       "      <th>11</th>\n",
       "      <td>111</td>\n",
       "      <td>Ritchi</td>\n",
       "      <td>66</td>\n",
       "      <td>68</td>\n",
       "      <td>64</td>\n",
       "      <td>76</td>\n",
       "      <td>98</td>\n",
       "      <td>75</td>\n",
       "    </tr>\n",
       "    <tr>\n",
       "      <th>0</th>\n",
       "      <td>100</td>\n",
       "      <td>Ramesh</td>\n",
       "      <td>50</td>\n",
       "      <td>60</td>\n",
       "      <td>66</td>\n",
       "      <td>98</td>\n",
       "      <td>66</td>\n",
       "      <td>55</td>\n",
       "    </tr>\n",
       "    <tr>\n",
       "      <th>16</th>\n",
       "      <td>115</td>\n",
       "      <td>Rakesh</td>\n",
       "      <td>67</td>\n",
       "      <td>78</td>\n",
       "      <td>88</td>\n",
       "      <td>78</td>\n",
       "      <td>67</td>\n",
       "      <td>49</td>\n",
       "    </tr>\n",
       "    <tr>\n",
       "      <th>3</th>\n",
       "      <td>103</td>\n",
       "      <td>Raji</td>\n",
       "      <td>56</td>\n",
       "      <td>78</td>\n",
       "      <td>34</td>\n",
       "      <td>56</td>\n",
       "      <td>88</td>\n",
       "      <td>55</td>\n",
       "    </tr>\n",
       "    <tr>\n",
       "      <th>1</th>\n",
       "      <td>101</td>\n",
       "      <td>Rajesh</td>\n",
       "      <td>45</td>\n",
       "      <td>67</td>\n",
       "      <td>34</td>\n",
       "      <td>67</td>\n",
       "      <td>66</td>\n",
       "      <td>78</td>\n",
       "    </tr>\n",
       "    <tr>\n",
       "      <th>15</th>\n",
       "      <td>114</td>\n",
       "      <td>Rajesh</td>\n",
       "      <td>45</td>\n",
       "      <td>67</td>\n",
       "      <td>77</td>\n",
       "      <td>55</td>\n",
       "      <td>66</td>\n",
       "      <td>46</td>\n",
       "    </tr>\n",
       "    <tr>\n",
       "      <th>7</th>\n",
       "      <td>107</td>\n",
       "      <td>Praveen</td>\n",
       "      <td>46</td>\n",
       "      <td>88</td>\n",
       "      <td>74</td>\n",
       "      <td>86</td>\n",
       "      <td>78</td>\n",
       "      <td>45</td>\n",
       "    </tr>\n",
       "    <tr>\n",
       "      <th>9</th>\n",
       "      <td>109</td>\n",
       "      <td>Nags</td>\n",
       "      <td>55</td>\n",
       "      <td>77</td>\n",
       "      <td>44</td>\n",
       "      <td>77</td>\n",
       "      <td>86</td>\n",
       "      <td>58</td>\n",
       "    </tr>\n",
       "    <tr>\n",
       "      <th>5</th>\n",
       "      <td>105</td>\n",
       "      <td>Karthik</td>\n",
       "      <td>48</td>\n",
       "      <td>62</td>\n",
       "      <td>39</td>\n",
       "      <td>68</td>\n",
       "      <td>65</td>\n",
       "      <td>88</td>\n",
       "    </tr>\n",
       "    <tr>\n",
       "      <th>6</th>\n",
       "      <td>106</td>\n",
       "      <td>Kambli</td>\n",
       "      <td>53</td>\n",
       "      <td>81</td>\n",
       "      <td>59</td>\n",
       "      <td>92</td>\n",
       "      <td>48</td>\n",
       "      <td>73</td>\n",
       "    </tr>\n",
       "    <tr>\n",
       "      <th>12</th>\n",
       "      <td>104</td>\n",
       "      <td>Kalyan</td>\n",
       "      <td>51</td>\n",
       "      <td>63</td>\n",
       "      <td>62</td>\n",
       "      <td>93</td>\n",
       "      <td>67</td>\n",
       "      <td>51</td>\n",
       "    </tr>\n",
       "    <tr>\n",
       "      <th>4</th>\n",
       "      <td>104</td>\n",
       "      <td>Kalyan</td>\n",
       "      <td>51</td>\n",
       "      <td>63</td>\n",
       "      <td>62</td>\n",
       "      <td>93</td>\n",
       "      <td>67</td>\n",
       "      <td>51</td>\n",
       "    </tr>\n",
       "    <tr>\n",
       "      <th>8</th>\n",
       "      <td>108</td>\n",
       "      <td>Ganesh</td>\n",
       "      <td>53</td>\n",
       "      <td>62</td>\n",
       "      <td>76</td>\n",
       "      <td>88</td>\n",
       "      <td>76</td>\n",
       "      <td>35</td>\n",
       "    </tr>\n",
       "    <tr>\n",
       "      <th>10</th>\n",
       "      <td>110</td>\n",
       "      <td>Biswa</td>\n",
       "      <td>66</td>\n",
       "      <td>48</td>\n",
       "      <td>86</td>\n",
       "      <td>95</td>\n",
       "      <td>48</td>\n",
       "      <td>47</td>\n",
       "    </tr>\n",
       "  </tbody>\n",
       "</table>\n",
       "</div>"
      ],
      "text/plain": [
       "    htno     name  telugu  english  hindi  maths  science  social\n",
       "14   113     sonu      60       89     98     87       77      68\n",
       "13   112  shareef      50       63     99     90       76      67\n",
       "2    102   Rossum      56       88     56     99       44      77\n",
       "11   111   Ritchi      66       68     64     76       98      75\n",
       "0    100   Ramesh      50       60     66     98       66      55\n",
       "16   115   Rakesh      67       78     88     78       67      49\n",
       "3    103     Raji      56       78     34     56       88      55\n",
       "1    101   Rajesh      45       67     34     67       66      78\n",
       "15   114   Rajesh      45       67     77     55       66      46\n",
       "7    107  Praveen      46       88     74     86       78      45\n",
       "9    109     Nags      55       77     44     77       86      58\n",
       "5    105  Karthik      48       62     39     68       65      88\n",
       "6    106   Kambli      53       81     59     92       48      73\n",
       "12   104   Kalyan      51       63     62     93       67      51\n",
       "4    104   Kalyan      51       63     62     93       67      51\n",
       "8    108   Ganesh      53       62     76     88       76      35\n",
       "10   110    Biswa      66       48     86     95       48      47"
      ]
     },
     "execution_count": 10,
     "metadata": {},
     "output_type": "execute_result"
    }
   ],
   "source": [
    "# Sort The Name of Student in Assending order\n",
    "df.sort_values([\"name\"],ascending=False)"
   ]
  },
  {
   "cell_type": "code",
   "execution_count": 11,
   "id": "f1d25622-97f4-46f2-a89b-3955fc1bfdf6",
   "metadata": {},
   "outputs": [],
   "source": [
    "# Sort The Name of Student in Assending order\n",
    "df.sort_values([\"name\"],ascending=False,inplace=True)"
   ]
  },
  {
   "cell_type": "code",
   "execution_count": 12,
   "id": "43b95077-a933-466e-b15e-7e4fd532d5b3",
   "metadata": {},
   "outputs": [
    {
     "name": "stdout",
     "output_type": "stream",
     "text": [
      "    htno     name  telugu  english  hindi  maths  science  social\n",
      "14   113     sonu      60       89     98     87       77      68\n",
      "13   112  shareef      50       63     99     90       76      67\n",
      "2    102   Rossum      56       88     56     99       44      77\n",
      "11   111   Ritchi      66       68     64     76       98      75\n",
      "0    100   Ramesh      50       60     66     98       66      55\n",
      "16   115   Rakesh      67       78     88     78       67      49\n",
      "3    103     Raji      56       78     34     56       88      55\n",
      "1    101   Rajesh      45       67     34     67       66      78\n",
      "15   114   Rajesh      45       67     77     55       66      46\n",
      "7    107  Praveen      46       88     74     86       78      45\n",
      "9    109     Nags      55       77     44     77       86      58\n",
      "5    105  Karthik      48       62     39     68       65      88\n",
      "6    106   Kambli      53       81     59     92       48      73\n",
      "12   104   Kalyan      51       63     62     93       67      51\n",
      "4    104   Kalyan      51       63     62     93       67      51\n",
      "8    108   Ganesh      53       62     76     88       76      35\n",
      "10   110    Biswa      66       48     86     95       48      47\n"
     ]
    }
   ],
   "source": [
    "print(df)"
   ]
  },
  {
   "cell_type": "code",
   "execution_count": 13,
   "id": "c58c831b-d7b6-4909-bd73-5b1af292bb85",
   "metadata": {},
   "outputs": [],
   "source": [
    "# Sort The Name of Student in Assending order\n",
    "df.sort_values([\"maths\"],inplace=True)"
   ]
  },
  {
   "cell_type": "code",
   "execution_count": 14,
   "id": "d2a1d09e-7818-4237-8ace-63d3edbc6b29",
   "metadata": {},
   "outputs": [
    {
     "name": "stdout",
     "output_type": "stream",
     "text": [
      "    htno     name  telugu  english  hindi  maths  science  social\n",
      "15   114   Rajesh      45       67     77     55       66      46\n",
      "3    103     Raji      56       78     34     56       88      55\n",
      "1    101   Rajesh      45       67     34     67       66      78\n",
      "5    105  Karthik      48       62     39     68       65      88\n",
      "11   111   Ritchi      66       68     64     76       98      75\n",
      "9    109     Nags      55       77     44     77       86      58\n",
      "16   115   Rakesh      67       78     88     78       67      49\n",
      "7    107  Praveen      46       88     74     86       78      45\n",
      "14   113     sonu      60       89     98     87       77      68\n",
      "8    108   Ganesh      53       62     76     88       76      35\n",
      "13   112  shareef      50       63     99     90       76      67\n",
      "6    106   Kambli      53       81     59     92       48      73\n",
      "12   104   Kalyan      51       63     62     93       67      51\n",
      "4    104   Kalyan      51       63     62     93       67      51\n",
      "10   110    Biswa      66       48     86     95       48      47\n",
      "0    100   Ramesh      50       60     66     98       66      55\n",
      "2    102   Rossum      56       88     56     99       44      77\n"
     ]
    }
   ],
   "source": [
    "print(df)"
   ]
  },
  {
   "cell_type": "code",
   "execution_count": 17,
   "id": "fda0e5d1-9045-4029-8e46-3c501cfe25f5",
   "metadata": {},
   "outputs": [
    {
     "data": {
      "text/html": [
       "<div>\n",
       "<style scoped>\n",
       "    .dataframe tbody tr th:only-of-type {\n",
       "        vertical-align: middle;\n",
       "    }\n",
       "\n",
       "    .dataframe tbody tr th {\n",
       "        vertical-align: top;\n",
       "    }\n",
       "\n",
       "    .dataframe thead th {\n",
       "        text-align: right;\n",
       "    }\n",
       "</style>\n",
       "<table border=\"1\" class=\"dataframe\">\n",
       "  <thead>\n",
       "    <tr style=\"text-align: right;\">\n",
       "      <th></th>\n",
       "      <th>name</th>\n",
       "      <th>maths</th>\n",
       "    </tr>\n",
       "  </thead>\n",
       "  <tbody>\n",
       "    <tr>\n",
       "      <th>2</th>\n",
       "      <td>Rossum</td>\n",
       "      <td>99</td>\n",
       "    </tr>\n",
       "  </tbody>\n",
       "</table>\n",
       "</div>"
      ],
      "text/plain": [
       "     name  maths\n",
       "2  Rossum     99"
      ]
     },
     "execution_count": 17,
     "metadata": {},
     "output_type": "execute_result"
    }
   ],
   "source": [
    "# Get Higest securde math makrs and name\n",
    "df.tail(1)[[\"name\",\"maths\"]]"
   ]
  },
  {
   "cell_type": "code",
   "execution_count": 23,
   "id": "bb78fc64-53ec-45d6-a001-d58ac1b31a76",
   "metadata": {},
   "outputs": [
    {
     "data": {
      "text/html": [
       "<div>\n",
       "<style scoped>\n",
       "    .dataframe tbody tr th:only-of-type {\n",
       "        vertical-align: middle;\n",
       "    }\n",
       "\n",
       "    .dataframe tbody tr th {\n",
       "        vertical-align: top;\n",
       "    }\n",
       "\n",
       "    .dataframe thead th {\n",
       "        text-align: right;\n",
       "    }\n",
       "</style>\n",
       "<table border=\"1\" class=\"dataframe\">\n",
       "  <thead>\n",
       "    <tr style=\"text-align: right;\">\n",
       "      <th></th>\n",
       "      <th>name</th>\n",
       "      <th>maths</th>\n",
       "    </tr>\n",
       "  </thead>\n",
       "  <tbody>\n",
       "    <tr>\n",
       "      <th>0</th>\n",
       "      <td>Ramesh</td>\n",
       "      <td>98</td>\n",
       "    </tr>\n",
       "    <tr>\n",
       "      <th>2</th>\n",
       "      <td>Rossum</td>\n",
       "      <td>99</td>\n",
       "    </tr>\n",
       "  </tbody>\n",
       "</table>\n",
       "</div>"
      ],
      "text/plain": [
       "     name  maths\n",
       "0  Ramesh     98\n",
       "2  Rossum     99"
      ]
     },
     "execution_count": 23,
     "metadata": {},
     "output_type": "execute_result"
    }
   ],
   "source": [
    "df[-2:][[\"name\",\"maths\"]]"
   ]
  },
  {
   "cell_type": "code",
   "execution_count": 24,
   "id": "91d74003-cf17-4b4e-a6d2-df35e2dc5b73",
   "metadata": {},
   "outputs": [
    {
     "data": {
      "text/html": [
       "<div>\n",
       "<style scoped>\n",
       "    .dataframe tbody tr th:only-of-type {\n",
       "        vertical-align: middle;\n",
       "    }\n",
       "\n",
       "    .dataframe tbody tr th {\n",
       "        vertical-align: top;\n",
       "    }\n",
       "\n",
       "    .dataframe thead th {\n",
       "        text-align: right;\n",
       "    }\n",
       "</style>\n",
       "<table border=\"1\" class=\"dataframe\">\n",
       "  <thead>\n",
       "    <tr style=\"text-align: right;\">\n",
       "      <th></th>\n",
       "      <th>name</th>\n",
       "      <th>maths</th>\n",
       "    </tr>\n",
       "  </thead>\n",
       "  <tbody>\n",
       "    <tr>\n",
       "      <th>2</th>\n",
       "      <td>Rossum</td>\n",
       "      <td>99</td>\n",
       "    </tr>\n",
       "    <tr>\n",
       "      <th>0</th>\n",
       "      <td>Ramesh</td>\n",
       "      <td>98</td>\n",
       "    </tr>\n",
       "  </tbody>\n",
       "</table>\n",
       "</div>"
      ],
      "text/plain": [
       "     name  maths\n",
       "2  Rossum     99\n",
       "0  Ramesh     98"
      ]
     },
     "execution_count": 24,
     "metadata": {},
     "output_type": "execute_result"
    }
   ],
   "source": [
    "df[-2:][[\"name\",\"maths\"]][::-1]"
   ]
  },
  {
   "cell_type": "code",
   "execution_count": 25,
   "id": "dcde1d20-e647-4961-9ad6-3f9483b6cd9b",
   "metadata": {},
   "outputs": [
    {
     "name": "stdout",
     "output_type": "stream",
     "text": [
      "    htno     name  telugu  english  hindi  maths  science  social\n",
      "15   114   Rajesh      45       67     77     55       66      46\n",
      "3    103     Raji      56       78     34     56       88      55\n",
      "1    101   Rajesh      45       67     34     67       66      78\n",
      "5    105  Karthik      48       62     39     68       65      88\n",
      "11   111   Ritchi      66       68     64     76       98      75\n",
      "9    109     Nags      55       77     44     77       86      58\n",
      "16   115   Rakesh      67       78     88     78       67      49\n",
      "7    107  Praveen      46       88     74     86       78      45\n",
      "14   113     sonu      60       89     98     87       77      68\n",
      "8    108   Ganesh      53       62     76     88       76      35\n",
      "13   112  shareef      50       63     99     90       76      67\n",
      "6    106   Kambli      53       81     59     92       48      73\n",
      "12   104   Kalyan      51       63     62     93       67      51\n",
      "4    104   Kalyan      51       63     62     93       67      51\n",
      "10   110    Biswa      66       48     86     95       48      47\n",
      "0    100   Ramesh      50       60     66     98       66      55\n",
      "2    102   Rossum      56       88     56     99       44      77\n"
     ]
    }
   ],
   "source": [
    "print(df)"
   ]
  },
  {
   "cell_type": "code",
   "execution_count": 27,
   "id": "c1a57b88-fc39-4a67-bb2b-f78e3b2bcf07",
   "metadata": {},
   "outputs": [
    {
     "data": {
      "text/plain": [
       "3    Raji\n",
       "Name: name, dtype: object"
      ]
     },
     "execution_count": 27,
     "metadata": {},
     "output_type": "execute_result"
    }
   ],
   "source": [
    "# find Second Least Marks in Math\n",
    "df[1:2][\"name\"]"
   ]
  },
  {
   "cell_type": "code",
   "execution_count": 28,
   "id": "4244feb9-0836-43c6-a4b6-d2043a897193",
   "metadata": {},
   "outputs": [],
   "source": [
    "df[\"tot\"]=df[\"telugu\"]+df[\"english\"]+df[\"hindi\"]+df[\"maths\"]+df[\"science\"]+df[\"social\"]"
   ]
  },
  {
   "cell_type": "code",
   "execution_count": 29,
   "id": "ad69a6e9-63b2-4ddf-989d-a76e63e3c961",
   "metadata": {},
   "outputs": [
    {
     "name": "stdout",
     "output_type": "stream",
     "text": [
      "    htno     name  telugu  english  hindi  maths  science  social  tot\n",
      "15   114   Rajesh      45       67     77     55       66      46  356\n",
      "3    103     Raji      56       78     34     56       88      55  367\n",
      "1    101   Rajesh      45       67     34     67       66      78  357\n",
      "5    105  Karthik      48       62     39     68       65      88  370\n",
      "11   111   Ritchi      66       68     64     76       98      75  447\n",
      "9    109     Nags      55       77     44     77       86      58  397\n",
      "16   115   Rakesh      67       78     88     78       67      49  427\n",
      "7    107  Praveen      46       88     74     86       78      45  417\n",
      "14   113     sonu      60       89     98     87       77      68  479\n",
      "8    108   Ganesh      53       62     76     88       76      35  390\n",
